[0;60]
Degree: 0 pValue: 3.509757696808493E-11 - false  Sigma:11638.750929675854 betas: 11226.411666666663 
Degree: 1 pValue: 1.1207914923462188E-9 - false  Sigma:11512.236293997217 betas: 7234.434293785162 130.88450402890044 
Degree: 2 pValue: 3.70061293474097E-6 - false  Sigma:11594.628890473772 betas: 5807.459108699753 268.9788767788341 -2.2638421762271435 
Degree: 3 pValue: 2.2042356552493636E-5 - false  Sigma:11589.069375993306 betas: 10302.542864031973 -580.3981254993414 32.260610627863116 -0.3773164240853859 
